1. 100张随机tamper_result
normMean = [0.47258794, 0.43666607, 0.39043286]
normStd = [0.27700597, 0.2695286, 0.27931225]

2. 100张随机tamper_poisson_result
normMean = [0.5074281, 0.4713875, 0.42236057]
normStd = [0.29256693, 0.2867838, 0.29505187]

3. 200张随机tamper_result
normMean = [0.47258794, 0.43666607, 0.39043286]
normStd = [0.27700597, 0.2695286, 0.27931225]
